# N		BST_Insert		Xfast_Insert		Yfast_Insert		BST_Search		Xfast_Search		Yfast_Search		BST_Successor		Xfast_Successor		Yfast_Successor		
2000		1.20815e-06		3.25514e-05		4.49092e-06		2.025e-06		4.16e-07		1.582e-06		4.55e-07		2.84e-06		1.489e-06		
4000		1.63951e-06		3.39041e-05		4.26114e-06		2.171e-06		4e-07		1.219e-06		3.98e-07		2.995e-06		1.139e-06		
8000		1.77813e-06		3.5317e-05		4.75935e-06		2.411e-06		4.37e-07		1.62e-06		5.31e-07		2.98e-06		1.387e-06		
16000		3.456e-06		5.21087e-05		4.69967e-06		2.007e-06		1.056e-06		1.444e-06		4.62e-07		5.3e-06		1.326e-06		
32000		5.3342e-06		5.38358e-05		5.13878e-06		4.33e-06		7.04e-07		1.551e-06		6.27e-07		6.279e-06		1.315e-06		
64000		4.81909e-06		5.73629e-05		5.51694e-06		2.2892e-05		1.575e-06		2.544e-06		7.45e-07		1.0511e-05		1.921e-06		
128000		4.38012e-06		5.38728e-05		5.1823e-06		2.2503e-05		9.28e-07		2.378e-06		6.58e-07		6.897e-06		1.703e-06		
256000		4.38935e-06		5.25771e-05		5.58514e-06		2.0153e-05		3.141e-06		2.247e-06		6.47e-07		1.0257e-05		1.606e-06		
512000		4.61812e-06		5.38749e-05		5.62431e-06		1.2985e-05		1.92e-06		3.588e-06		7.01e-07		8.314e-06		2.153e-06		
1024000		4.87028e-06		5.65542e-05		5.92931e-06		2.4422e-05		9.25e-07		2.676e-06		8.86e-07		8.625e-06		1.422e-06		
